==== 圆心误差（像素）：真实圆心 (160,120) ====
缺口深度  最小外接圆  直接拟合椭圆  凸包拟合椭圆  最深凸缺陷
     0        0.00          0.00          0.00         0.9
     5        0.00          0.63          0.00         3.0
    10        0.00          1.28          0.00         8.0
    20        0.00          2.51          0.00        18.0
    30        0.00          3.62          0.00        28.0
    40        0.00          4.56          0.00        38.0
—— 没有缺口，外圆上有一根向外凸出的毛刺（长度见第一列，单位像素）——
     8        3.76          0.29          0.38         8.0
    16        6.68          0.80          1.08        15.5
