2048
2127
2205
2283
2360
2437
2512
2587
2660
2732
2802
2871
2937
3001
3063
3122
3179
3234
3285
3333
3378
3420
3459
3494
3526
3554
3579
3600
3617
3631
3640
3646
3648
3646
3640
3631
3617
3600
3579
3554
3526
3494
3459
3420
3378
3333
3285
3234
3179
3122
3063
3001
2937
2871
2802
2732
2660
2587
2512
2437
2360
2283
2205
2127
2048
1969
1891
1813
1736
1659
1584
1509
1436
1364
1294
1225
1159
1095
1033
974
917
862
811
763
718
676
637
602
570
542
517
496
479
465
456
450
448
450
456
465
479
496
517
542
570
602
637
676
718
763
811
862
917
974
1033
1095
1159
1225
1294
1364
1436
1509
1584
1659
1736
1813
1891
1969
